$ANSIBLE_VAULT;1.1;AES256
64353064333462363931646537303634383666363465626461386533346337336539633337393232
3438386135643062393536643030333661623637633537610a353763366138656662363764306132
66666537623562373137633461336536323930626231323536633263623362356661393961356663
3938623563656663380a343535363934343333363933653764306233316336616633366166366464
62663061613733306630306634373166636365326231313132393963656137336630303739613234
34666463373562306462633733353134626231306636656535326663393134313930393030303233
32633739306466646364383730323133353162653038383939346361393239393734353635396436
36653662343337653934653565356364646466373132643239316438306663326131373166613764
37613330616231623437356434653166326665663835363566323165646338623866333231373939
66383562313634373032373066623064323431393932323363626565646332333035656161616264
34663431613136613438636664323636373132643137346334306238646539636666653136393935
64636630393066333834313233376161646139303037653764643863666161396533386334663736
33313265636333346663386432633066353861346364326464373239393839373438623735363863
32636663316564383736373261663265353739643463323431336265613162623838376366396638
37623666636534333435363032633131336663373963383236386238313330666131616666656461
34656566306263303736343366393161333265393762363964346462306530316464313461363564
32386638623235626166343135666430356330666537623836616262393565666166663939643734
64393230666430333231326635363866336365326163653432303335303863343737643039613834
66313438656364376534633131323966333365346163303736643366616438333230323761616334
65323636343466386531383361343334366662646461386365653332313934353762363932633039
63353837393639653331623834616538613834636461313431613632613431323639636534333333
32353530306663336631343130383534646463383237376563613565663736663638663265393239
34613865633835376334306365343534353036616662316362363763373331623137363261646663
65346439633339623638643562393964373537636264343364373262616638303039376630643562
64366633386533633337646265623639313265393334663239356665666531616336333733303237
62633130333363653264616364613231653138363166636263336562666361633835613438383664
37343665613432346231343861323439356633353561346639316435343633363931353165336538
33663764626334373130373539383361663764326163306331616433366364323238336333636263
62643830323035393730363631326166326166316138316435323533383064316330323766646664
65303334333235633431363439323863343630393731633665386333343134383166666134313839
64353239396139343661376265313864656662396566363733616566616262313964363866303333
31623334326438616661633830383337383266313063353361363965353031373931336236346264
66306235336138633239353763636630626165353736326461326538386433653366346532623062
33343765613466613563323162383561626264343730633964356535376130623838623337626462
32383234353665356539353031613466393039393436333338313831306637323937633562633534
32663263343764373636646635363762633764306662633564623566653666333539313161303761
34313261366366303663393234393935383338383038623065353065373937626437366135323766
36366132343162363362646331336334353063626436333938336433336365633739623037643663
30636666393831623533646663373839376539333264343262663937386663636331613463663733
62656439633339303463636231336231313030633339396336373537366263303162643939636430
33363135376336663238646531303462663261363866356363313062653334383137343036383832
30636133646662383431356532393536613739643763313437343266646562383139353533323463
62336538396332373661633061313764353063353435336161383030333738333033636435656132
61303962343165396133343539666436326639373830636334393764313262316338326234653034
64373632396533626339313734326339646432353766306334353535356235643639303761373162
66366435396534303632613861383736396431373632643462636166323861333263616263336233
64343035336266646234356566323830326664376634393835366532616437363538333137386431
64303663643131666535356366656430393065383838616238616332386335613032636139386362
33383965323730646230303563313065656238373462336161326335323861613362346337396364
63343261353234373030633666386632303736666636666532333038353630623364643536356535
32396633616232626165623964653865613062343433663939323735336461623066663530656464
33653966383963306463633339306363386530303737333737396266323932633266306266616236
35336462326164313439323036383063613634383365306537343131333039383164346563656232
30393365626235316666396337663863383764316637396665366466363836356436656339316331
62663534376234306163616337363735623632626261666666333764333733613832373565393230
63646638373035666133666561633336313264383362333738363164313635313536303236656234
30366435376331633938393439363862373763613966326630633134383033363837643166336532
30343464336234666637386464353237306133626338643133326232633438623665613563343732
35623035336263323564306264396638336665346136303430663730313362373039383638666364
35346636353833343133646338613362313434333430306338666435363332363031616465376334
37306364396166626366346234643833326530616431343337633161363838616333613836373137
36396365653335376431313262303830316161623732343039393936653236383666336538376665
66653730393936323865303465316466383932633436343337663762626662326530363034623335
30303132653331356462333866306461356435646164376161393265663437396633306234636161
31323461326563356663623735353537643536613535343832363061656466616234323166363163
33316563386634363239646233393536383034613765623064393163356362636662363962633566
34336465373866363734353334306137623833346165366232303032636561363133366536313664
64363039303236623765336236626165333664336639326366363432623334303161343634313439
62323233393132343064326232613065613037396532623065623164333864316236663239353965
39326663643435636635643938633836633064663137653737653733393934333136363430323037
61363764343833313261306131633336383932393166613666373966656139386662373236613262
63376632343039636366333237383530326433623835663133393836636638623261323034396366
61386430623339646630333734356634303635653561396265663337333732666636633762393863
30643865356232323135643766386565373833633737363862323330666364323133636639633366
37393464626561633836313665343035633436363635393463613961336135346133666632623934
62623538356661323461613665663765656364303937393332663364636435353431306134316463
37316239323434326636303065336563393465393936313332326530386261303333636363663234
62633234313130313635323662613830613439396562613761636630353566353732653562333163
63326461623231313761623739663364613861303730393237353462643135633761616535623461
33646337393531326131613937363630613339356437396138653431333366656663396130363034
32333462326331363737643064613264643263373436643338343731636336333861333732323934
32376135333361653231616335623664373764626364373435376634313735336664343038336331
62613837626437653165636534623062336537336235343366373831353636363766383638386166
63666361386536316465646464336161633336363734356133383236346537393330643162626339
61383130653662663064393134653337653062393635633966336564313963633363643138386631
35333739393539626431333636643935306530626338303138396161316265626330663038383237
61313466363739333838663538656161363838366638613561396636396165623134383932363534
66623333333035303035
